Loaded enriched predictions.
Rows: 290397

--- Overall xG Calibration ---
Overall Avg Prob:  0.0745
Overall Actual:    0.0484
Ratio (Pred/Act):  1.5394
Log Loss:          0.2014
            mean_prob  mean_target   count
bin                                       
(0.0, 0.1]   0.039037     0.037355  218901
(0.1, 0.2]   0.139082     0.091635   50363
(0.2, 0.3]   0.240184     0.069295   14532
(0.3, 0.4]   0.340717     0.047231    4298
(0.4, 0.5]   0.442571     0.019698    1523
(0.5, 0.6]   0.540194     0.019769     607
(0.6, 0.7]   0.640853     0.006849     146
(0.7, 0.8]   0.737593     0.000000      25
(0.8, 0.9]   0.810805     0.000000       2
(0.9, 1.0]        NaN          NaN       0

--- Block Model Calibration ---
Overall Avg Prob:  0.2570
Overall Actual:    0.2574
Ratio (Pred/Act):  0.9984
Log Loss:          0.5349
            mean_prob  mean_target  count
bin                                      
(0.0, 0.1]   0.077058     0.074387  26416
(0.1, 0.2]   0.148920     0.162458  70917
(0.2, 0.3]   0.252232     0.248878  88646
(0.3, 0.4]   0.344658     0.322860  71709
(0.4, 0.5]   0.443102     0.469070  27320
(0.5, 0.6]   0.523491     0.592462   5094
(0.6, 0.7]   0.634158     0.748000    250
(0.7, 0.8]   0.725376     0.790698     43
(0.8, 0.9]   0.811991     0.000000      2
(0.9, 1.0]        NaN          NaN      0

--- Accuracy Model (Unblocked Only) Calibration ---
Overall Avg Prob:  0.7115
Overall Actual:    0.7107
Ratio (Pred/Act):  1.0010
Log Loss:          0.5828
            mean_prob  mean_target   count
bin                                       
(0.0, 0.1]        NaN          NaN       0
(0.1, 0.2]        NaN          NaN       0
(0.2, 0.3]   0.267865     0.222222       9
(0.3, 0.4]   0.376375     0.525333     375
(0.4, 0.5]   0.466190     0.444647    7118
(0.5, 0.6]   0.551896     0.531335    7707
(0.6, 0.7]   0.667457     0.663706   70373
(0.7, 0.8]   0.732821     0.736943  101461
(0.8, 0.9]   0.839737     0.840691   24330
(0.9, 1.0]   0.926813     0.907963    4270

--- Finish Model (On Net Only) Calibration ---
Overall Avg Prob:  0.0924
Overall Actual:    0.0916
Ratio (Pred/Act):  1.0082
Log Loss:          0.2729
            mean_prob  mean_target  count
bin                                      
(0.0, 0.1]   0.043449     0.040768  96251
(0.1, 0.2]   0.143227     0.154279  41613
(0.2, 0.3]   0.237300     0.227986  12435
(0.3, 0.4]   0.336330     0.281731   2403
(0.4, 0.5]   0.437200     0.307856    471
(0.5, 0.6]   0.534608     0.366197     71
(0.6, 0.7]   0.628494     0.722222     18
(0.7, 0.8]   0.732777     0.800000      5
(0.8, 0.9]   0.831138     1.000000      1
(0.9, 1.0]        NaN          NaN      0
